{
  "cells": [
    {
      "cell_type": "code",
      "execution_count": 1,
      "metadata": {
        "id": "2CN02qU4C6_a"
      },
      "outputs": [
        {
          "name": "stderr",
          "output_type": "stream",
          "text": [
            "Matplotlib is building the font cache; this may take a moment.\n"
          ]
        }
      ],
      "source": [
        "import pandas as pd\n",
        "import numpy as np\n",
        "import matplotlib.pyplot as plt\n",
        "%matplotlib inline"
      ]
    },
    {
      "cell_type": "code",
      "execution_count": 2,
      "metadata": {
        "colab": {
          "base_uri": "https://localhost:8080/",
          "height": 443
        },
        "id": "iGma2I8ZGXnK",
        "outputId": "2378cbfe-4216-4362-c1ff-c32a7cd04082"
      },
      "outputs": [
        {
          "data": {
            "text/html": [
              "<div>\n",
              "<style scoped>\n",
              "    .dataframe tbody tr th:only-of-type {\n",
              "        vertical-align: middle;\n",
              "    }\n",
              "\n",
              "    .dataframe tbody tr th {\n",
              "        vertical-align: top;\n",
              "    }\n",
              "\n",
              "    .dataframe thead th {\n",
              "        text-align: right;\n",
              "    }\n",
              "</style>\n",
              "<table border=\"1\" class=\"dataframe\">\n",
              "  <thead>\n",
              "    <tr style=\"text-align: right;\">\n",
              "      <th></th>\n",
              "      <th>crim</th>\n",
              "      <th>zn</th>\n",
              "      <th>indus</th>\n",
              "      <th>chas</th>\n",
              "      <th>nox</th>\n",
              "      <th>rm</th>\n",
              "      <th>age</th>\n",
              "      <th>dis</th>\n",
              "      <th>rad</th>\n",
              "      <th>tax</th>\n",
              "      <th>ptratio</th>\n",
              "      <th>b</th>\n",
              "      <th>lstat</th>\n",
              "      <th>medv</th>\n",
              "    </tr>\n",
              "  </thead>\n",
              "  <tbody>\n",
              "    <tr>\n",
              "      <th>0</th>\n",
              "      <td>0.00632</td>\n",
              "      <td>18.0</td>\n",
              "      <td>2.31</td>\n",
              "      <td>0</td>\n",
              "      <td>0.538</td>\n",
              "      <td>6.575</td>\n",
              "      <td>65.2</td>\n",
              "      <td>4.0900</td>\n",
              "      <td>1</td>\n",
              "      <td>296</td>\n",
              "      <td>15.3</td>\n",
              "      <td>396.90</td>\n",
              "      <td>4.98</td>\n",
              "      <td>24.0</td>\n",
              "    </tr>\n",
              "    <tr>\n",
              "      <th>1</th>\n",
              "      <td>0.02731</td>\n",
              "      <td>0.0</td>\n",
              "      <td>7.07</td>\n",
              "      <td>0</td>\n",
              "      <td>0.469</td>\n",
              "      <td>6.421</td>\n",
              "      <td>78.9</td>\n",
              "      <td>4.9671</td>\n",
              "      <td>2</td>\n",
              "      <td>242</td>\n",
              "      <td>17.8</td>\n",
              "      <td>396.90</td>\n",
              "      <td>9.14</td>\n",
              "      <td>21.6</td>\n",
              "    </tr>\n",
              "    <tr>\n",
              "      <th>2</th>\n",
              "      <td>0.02729</td>\n",
              "      <td>0.0</td>\n",
              "      <td>7.07</td>\n",
              "      <td>0</td>\n",
              "      <td>0.469</td>\n",
              "      <td>7.185</td>\n",
              "      <td>61.1</td>\n",
              "      <td>4.9671</td>\n",
              "      <td>2</td>\n",
              "      <td>242</td>\n",
              "      <td>17.8</td>\n",
              "      <td>392.83</td>\n",
              "      <td>4.03</td>\n",
              "      <td>34.7</td>\n",
              "    </tr>\n",
              "    <tr>\n",
              "      <th>3</th>\n",
              "      <td>0.03237</td>\n",
              "      <td>0.0</td>\n",
              "      <td>2.18</td>\n",
              "      <td>0</td>\n",
              "      <td>0.458</td>\n",
              "      <td>6.998</td>\n",
              "      <td>45.8</td>\n",
              "      <td>6.0622</td>\n",
              "      <td>3</td>\n",
              "      <td>222</td>\n",
              "      <td>18.7</td>\n",
              "      <td>394.63</td>\n",
              "      <td>2.94</td>\n",
              "      <td>33.4</td>\n",
              "    </tr>\n",
              "    <tr>\n",
              "      <th>4</th>\n",
              "      <td>0.06905</td>\n",
              "      <td>0.0</td>\n",
              "      <td>2.18</td>\n",
              "      <td>0</td>\n",
              "      <td>0.458</td>\n",
              "      <td>7.147</td>\n",
              "      <td>54.2</td>\n",
              "      <td>6.0622</td>\n",
              "      <td>3</td>\n",
              "      <td>222</td>\n",
              "      <td>18.7</td>\n",
              "      <td>396.90</td>\n",
              "      <td>5.33</td>\n",
              "      <td>36.2</td>\n",
              "    </tr>\n",
              "    <tr>\n",
              "      <th>...</th>\n",
              "      <td>...</td>\n",
              "      <td>...</td>\n",
              "      <td>...</td>\n",
              "      <td>...</td>\n",
              "      <td>...</td>\n",
              "      <td>...</td>\n",
              "      <td>...</td>\n",
              "      <td>...</td>\n",
              "      <td>...</td>\n",
              "      <td>...</td>\n",
              "      <td>...</td>\n",
              "      <td>...</td>\n",
              "      <td>...</td>\n",
              "      <td>...</td>\n",
              "    </tr>\n",
              "    <tr>\n",
              "      <th>501</th>\n",
              "      <td>0.06263</td>\n",
              "      <td>0.0</td>\n",
              "      <td>11.93</td>\n",
              "      <td>0</td>\n",
              "      <td>0.573</td>\n",
              "      <td>6.593</td>\n",
              "      <td>69.1</td>\n",
              "      <td>2.4786</td>\n",
              "      <td>1</td>\n",
              "      <td>273</td>\n",
              "      <td>21.0</td>\n",
              "      <td>391.99</td>\n",
              "      <td>9.67</td>\n",
              "      <td>22.4</td>\n",
              "    </tr>\n",
              "    <tr>\n",
              "      <th>502</th>\n",
              "      <td>0.04527</td>\n",
              "      <td>0.0</td>\n",
              "      <td>11.93</td>\n",
              "      <td>0</td>\n",
              "      <td>0.573</td>\n",
              "      <td>6.120</td>\n",
              "      <td>76.7</td>\n",
              "      <td>2.2875</td>\n",
              "      <td>1</td>\n",
              "      <td>273</td>\n",
              "      <td>21.0</td>\n",
              "      <td>396.90</td>\n",
              "      <td>9.08</td>\n",
              "      <td>20.6</td>\n",
              "    </tr>\n",
              "    <tr>\n",
              "      <th>503</th>\n",
              "      <td>0.06076</td>\n",
              "      <td>0.0</td>\n",
              "      <td>11.93</td>\n",
              "      <td>0</td>\n",
              "      <td>0.573</td>\n",
              "      <td>6.976</td>\n",
              "      <td>91.0</td>\n",
              "      <td>2.1675</td>\n",
              "      <td>1</td>\n",
              "      <td>273</td>\n",
              "      <td>21.0</td>\n",
              "      <td>396.90</td>\n",
              "      <td>5.64</td>\n",
              "      <td>23.9</td>\n",
              "    </tr>\n",
              "    <tr>\n",
              "      <th>504</th>\n",
              "      <td>0.10959</td>\n",
              "      <td>0.0</td>\n",
              "      <td>11.93</td>\n",
              "      <td>0</td>\n",
              "      <td>0.573</td>\n",
              "      <td>6.794</td>\n",
              "      <td>89.3</td>\n",
              "      <td>2.3889</td>\n",
              "      <td>1</td>\n",
              "      <td>273</td>\n",
              "      <td>21.0</td>\n",
              "      <td>393.45</td>\n",
              "      <td>6.48</td>\n",
              "      <td>22.0</td>\n",
              "    </tr>\n",
              "    <tr>\n",
              "      <th>505</th>\n",
              "      <td>0.04741</td>\n",
              "      <td>0.0</td>\n",
              "      <td>11.93</td>\n",
              "      <td>0</td>\n",
              "      <td>0.573</td>\n",
              "      <td>6.030</td>\n",
              "      <td>80.8</td>\n",
              "      <td>2.5050</td>\n",
              "      <td>1</td>\n",
              "      <td>273</td>\n",
              "      <td>21.0</td>\n",
              "      <td>396.90</td>\n",
              "      <td>7.88</td>\n",
              "      <td>11.9</td>\n",
              "    </tr>\n",
              "  </tbody>\n",
              "</table>\n",
              "<p>506 rows × 14 columns</p>\n",
              "</div>"
            ],
            "text/plain": [
              "        crim    zn  indus  chas    nox     rm   age     dis  rad  tax  \\\n",
              "0    0.00632  18.0   2.31     0  0.538  6.575  65.2  4.0900    1  296   \n",
              "1    0.02731   0.0   7.07     0  0.469  6.421  78.9  4.9671    2  242   \n",
              "2    0.02729   0.0   7.07     0  0.469  7.185  61.1  4.9671    2  242   \n",
              "3    0.03237   0.0   2.18     0  0.458  6.998  45.8  6.0622    3  222   \n",
              "4    0.06905   0.0   2.18     0  0.458  7.147  54.2  6.0622    3  222   \n",
              "..       ...   ...    ...   ...    ...    ...   ...     ...  ...  ...   \n",
              "501  0.06263   0.0  11.93     0  0.573  6.593  69.1  2.4786    1  273   \n",
              "502  0.04527   0.0  11.93     0  0.573  6.120  76.7  2.2875    1  273   \n",
              "503  0.06076   0.0  11.93     0  0.573  6.976  91.0  2.1675    1  273   \n",
              "504  0.10959   0.0  11.93     0  0.573  6.794  89.3  2.3889    1  273   \n",
              "505  0.04741   0.0  11.93     0  0.573  6.030  80.8  2.5050    1  273   \n",
              "\n",
              "     ptratio       b  lstat  medv  \n",
              "0       15.3  396.90   4.98  24.0  \n",
              "1       17.8  396.90   9.14  21.6  \n",
              "2       17.8  392.83   4.03  34.7  \n",
              "3       18.7  394.63   2.94  33.4  \n",
              "4       18.7  396.90   5.33  36.2  \n",
              "..       ...     ...    ...   ...  \n",
              "501     21.0  391.99   9.67  22.4  \n",
              "502     21.0  396.90   9.08  20.6  \n",
              "503     21.0  396.90   5.64  23.9  \n",
              "504     21.0  393.45   6.48  22.0  \n",
              "505     21.0  396.90   7.88  11.9  \n",
              "\n",
              "[506 rows x 14 columns]"
            ]
          },
          "execution_count": 2,
          "metadata": {},
          "output_type": "execute_result"
        }
      ],
      "source": [
        "boston = pd.read_csv('BostonHousing.csv')\n",
        "boston"
      ]
    },
    {
      "cell_type": "code",
      "execution_count": 3,
      "metadata": {
        "colab": {
          "base_uri": "https://localhost:8080/",
          "height": 523
        },
        "id": "YK7rRogWHZQq",
        "outputId": "454acfef-af53-4a6d-829b-37e5e65ba453"
      },
      "outputs": [
        {
          "data": {
            "text/plain": [
              "crim       0\n",
              "zn         0\n",
              "indus      0\n",
              "chas       0\n",
              "nox        0\n",
              "rm         5\n",
              "age        0\n",
              "dis        0\n",
              "rad        0\n",
              "tax        0\n",
              "ptratio    0\n",
              "b          0\n",
              "lstat      0\n",
              "medv       0\n",
              "dtype: int64"
            ]
          },
          "execution_count": 3,
          "metadata": {},
          "output_type": "execute_result"
        }
      ],
      "source": [
        "boston.isna().sum()"
      ]
    },
    {
      "cell_type": "code",
      "execution_count": 4,
      "metadata": {
        "id": "d_t798BOIC94"
      },
      "outputs": [],
      "source": [
        "boston.dropna(inplace=True)"
      ]
    },
    {
      "cell_type": "code",
      "execution_count": 5,
      "metadata": {
        "colab": {
          "base_uri": "https://localhost:8080/",
          "height": 523
        },
        "id": "Im9BQRuDIGQL",
        "outputId": "04efd938-eaab-4e7c-c711-2af4c7bc57a8"
      },
      "outputs": [
        {
          "data": {
            "text/plain": [
              "crim       0\n",
              "zn         0\n",
              "indus      0\n",
              "chas       0\n",
              "nox        0\n",
              "rm         0\n",
              "age        0\n",
              "dis        0\n",
              "rad        0\n",
              "tax        0\n",
              "ptratio    0\n",
              "b          0\n",
              "lstat      0\n",
              "medv       0\n",
              "dtype: int64"
            ]
          },
          "execution_count": 5,
          "metadata": {},
          "output_type": "execute_result"
        }
      ],
      "source": [
        "boston.isna().sum()"
      ]
    },
    {
      "cell_type": "code",
      "execution_count": 6,
      "metadata": {
        "colab": {
          "base_uri": "https://localhost:8080/"
        },
        "id": "BW3GaTv-IXYE",
        "outputId": "6b7fec82-52e4-4e8d-f2c0-961e2a60705f"
      },
      "outputs": [
        {
          "data": {
            "text/plain": [
              "(501, 14)"
            ]
          },
          "execution_count": 6,
          "metadata": {},
          "output_type": "execute_result"
        }
      ],
      "source": [
        "boston.shape"
      ]
    },
    {
      "cell_type": "markdown",
      "metadata": {
        "id": "EmuuR6eQIfdB"
      },
      "source": [
        "Exploratory Data Analysis\n",
        "Correlation\n"
      ]
    },
    {
      "cell_type": "code",
      "execution_count": 7,
      "metadata": {
        "colab": {
          "base_uri": "https://localhost:8080/",
          "height": 508
        },
        "id": "We61VytLIjqh",
        "outputId": "c716ea95-719f-472a-b0a3-a051873aa9db"
      },
      "outputs": [
        {
          "data": {
            "text/html": [
              "<div>\n",
              "<style scoped>\n",
              "    .dataframe tbody tr th:only-of-type {\n",
              "        vertical-align: middle;\n",
              "    }\n",
              "\n",
              "    .dataframe tbody tr th {\n",
              "        vertical-align: top;\n",
              "    }\n",
              "\n",
              "    .dataframe thead th {\n",
              "        text-align: right;\n",
              "    }\n",
              "</style>\n",
              "<table border=\"1\" class=\"dataframe\">\n",
              "  <thead>\n",
              "    <tr style=\"text-align: right;\">\n",
              "      <th></th>\n",
              "      <th>crim</th>\n",
              "      <th>zn</th>\n",
              "      <th>indus</th>\n",
              "      <th>chas</th>\n",
              "      <th>nox</th>\n",
              "      <th>rm</th>\n",
              "      <th>age</th>\n",
              "      <th>dis</th>\n",
              "      <th>rad</th>\n",
              "      <th>tax</th>\n",
              "      <th>ptratio</th>\n",
              "      <th>b</th>\n",
              "      <th>lstat</th>\n",
              "      <th>medv</th>\n",
              "    </tr>\n",
              "  </thead>\n",
              "  <tbody>\n",
              "    <tr>\n",
              "      <th>crim</th>\n",
              "      <td>1.000000</td>\n",
              "      <td>-0.201470</td>\n",
              "      <td>0.407544</td>\n",
              "      <td>-0.057032</td>\n",
              "      <td>0.420611</td>\n",
              "      <td>-0.219433</td>\n",
              "      <td>0.354739</td>\n",
              "      <td>-0.380572</td>\n",
              "      <td>0.624932</td>\n",
              "      <td>0.582243</td>\n",
              "      <td>0.291731</td>\n",
              "      <td>-0.384064</td>\n",
              "      <td>0.457304</td>\n",
              "      <td>-0.390251</td>\n",
              "    </tr>\n",
              "    <tr>\n",
              "      <th>zn</th>\n",
              "      <td>-0.201470</td>\n",
              "      <td>1.000000</td>\n",
              "      <td>-0.536624</td>\n",
              "      <td>-0.043209</td>\n",
              "      <td>-0.518108</td>\n",
              "      <td>0.311173</td>\n",
              "      <td>-0.569695</td>\n",
              "      <td>0.665634</td>\n",
              "      <td>-0.314530</td>\n",
              "      <td>-0.315991</td>\n",
              "      <td>-0.392956</td>\n",
              "      <td>0.176529</td>\n",
              "      <td>-0.413820</td>\n",
              "      <td>0.360031</td>\n",
              "    </tr>\n",
              "    <tr>\n",
              "      <th>indus</th>\n",
              "      <td>0.407544</td>\n",
              "      <td>-0.536624</td>\n",
              "      <td>1.000000</td>\n",
              "      <td>0.062351</td>\n",
              "      <td>0.762937</td>\n",
              "      <td>-0.394193</td>\n",
              "      <td>0.646157</td>\n",
              "      <td>-0.709741</td>\n",
              "      <td>0.597721</td>\n",
              "      <td>0.720800</td>\n",
              "      <td>0.382633</td>\n",
              "      <td>-0.357817</td>\n",
              "      <td>0.605595</td>\n",
              "      <td>-0.486625</td>\n",
              "    </tr>\n",
              "    <tr>\n",
              "      <th>chas</th>\n",
              "      <td>-0.057032</td>\n",
              "      <td>-0.043209</td>\n",
              "      <td>0.062351</td>\n",
              "      <td>1.000000</td>\n",
              "      <td>0.090371</td>\n",
              "      <td>0.091468</td>\n",
              "      <td>0.087384</td>\n",
              "      <td>-0.098696</td>\n",
              "      <td>-0.008872</td>\n",
              "      <td>-0.037146</td>\n",
              "      <td>-0.121830</td>\n",
              "      <td>0.049972</td>\n",
              "      <td>-0.053698</td>\n",
              "      <td>0.174679</td>\n",
              "    </tr>\n",
              "    <tr>\n",
              "      <th>nox</th>\n",
              "      <td>0.420611</td>\n",
              "      <td>-0.518108</td>\n",
              "      <td>0.762937</td>\n",
              "      <td>0.090371</td>\n",
              "      <td>1.000000</td>\n",
              "      <td>-0.302751</td>\n",
              "      <td>0.732899</td>\n",
              "      <td>-0.771108</td>\n",
              "      <td>0.611942</td>\n",
              "      <td>0.666959</td>\n",
              "      <td>0.188830</td>\n",
              "      <td>-0.379640</td>\n",
              "      <td>0.591749</td>\n",
              "      <td>-0.428812</td>\n",
              "    </tr>\n",
              "    <tr>\n",
              "      <th>rm</th>\n",
              "      <td>-0.219433</td>\n",
              "      <td>0.311173</td>\n",
              "      <td>-0.394193</td>\n",
              "      <td>0.091468</td>\n",
              "      <td>-0.302751</td>\n",
              "      <td>1.000000</td>\n",
              "      <td>-0.240286</td>\n",
              "      <td>0.203507</td>\n",
              "      <td>-0.210718</td>\n",
              "      <td>-0.292794</td>\n",
              "      <td>-0.357612</td>\n",
              "      <td>0.128107</td>\n",
              "      <td>-0.615721</td>\n",
              "      <td>0.696169</td>\n",
              "    </tr>\n",
              "    <tr>\n",
              "      <th>age</th>\n",
              "      <td>0.354739</td>\n",
              "      <td>-0.569695</td>\n",
              "      <td>0.646157</td>\n",
              "      <td>0.087384</td>\n",
              "      <td>0.732899</td>\n",
              "      <td>-0.240286</td>\n",
              "      <td>1.000000</td>\n",
              "      <td>-0.751500</td>\n",
              "      <td>0.460090</td>\n",
              "      <td>0.508338</td>\n",
              "      <td>0.264496</td>\n",
              "      <td>-0.275366</td>\n",
              "      <td>0.601124</td>\n",
              "      <td>-0.375437</td>\n",
              "    </tr>\n",
              "    <tr>\n",
              "      <th>dis</th>\n",
              "      <td>-0.380572</td>\n",
              "      <td>0.665634</td>\n",
              "      <td>-0.709741</td>\n",
              "      <td>-0.098696</td>\n",
              "      <td>-0.771108</td>\n",
              "      <td>0.203507</td>\n",
              "      <td>-0.751500</td>\n",
              "      <td>1.000000</td>\n",
              "      <td>-0.497970</td>\n",
              "      <td>-0.534763</td>\n",
              "      <td>-0.231444</td>\n",
              "      <td>0.291847</td>\n",
              "      <td>-0.501168</td>\n",
              "      <td>0.251709</td>\n",
              "    </tr>\n",
              "    <tr>\n",
              "      <th>rad</th>\n",
              "      <td>0.624932</td>\n",
              "      <td>-0.314530</td>\n",
              "      <td>0.597721</td>\n",
              "      <td>-0.008872</td>\n",
              "      <td>0.611942</td>\n",
              "      <td>-0.210718</td>\n",
              "      <td>0.460090</td>\n",
              "      <td>-0.497970</td>\n",
              "      <td>1.000000</td>\n",
              "      <td>0.910911</td>\n",
              "      <td>0.467820</td>\n",
              "      <td>-0.443338</td>\n",
              "      <td>0.491477</td>\n",
              "      <td>-0.384730</td>\n",
              "    </tr>\n",
              "    <tr>\n",
              "      <th>tax</th>\n",
              "      <td>0.582243</td>\n",
              "      <td>-0.315991</td>\n",
              "      <td>0.720800</td>\n",
              "      <td>-0.037146</td>\n",
              "      <td>0.666959</td>\n",
              "      <td>-0.292794</td>\n",
              "      <td>0.508338</td>\n",
              "      <td>-0.534763</td>\n",
              "      <td>0.910911</td>\n",
              "      <td>1.000000</td>\n",
              "      <td>0.462718</td>\n",
              "      <td>-0.440891</td>\n",
              "      <td>0.545687</td>\n",
              "      <td>-0.471253</td>\n",
              "    </tr>\n",
              "    <tr>\n",
              "      <th>ptratio</th>\n",
              "      <td>0.291731</td>\n",
              "      <td>-0.392956</td>\n",
              "      <td>0.382633</td>\n",
              "      <td>-0.121830</td>\n",
              "      <td>0.188830</td>\n",
              "      <td>-0.357612</td>\n",
              "      <td>0.264496</td>\n",
              "      <td>-0.231444</td>\n",
              "      <td>0.467820</td>\n",
              "      <td>0.462718</td>\n",
              "      <td>1.000000</td>\n",
              "      <td>-0.178813</td>\n",
              "      <td>0.378862</td>\n",
              "      <td>-0.511897</td>\n",
              "    </tr>\n",
              "    <tr>\n",
              "      <th>b</th>\n",
              "      <td>-0.384064</td>\n",
              "      <td>0.176529</td>\n",
              "      <td>-0.357817</td>\n",
              "      <td>0.049972</td>\n",
              "      <td>-0.379640</td>\n",
              "      <td>0.128107</td>\n",
              "      <td>-0.275366</td>\n",
              "      <td>0.291847</td>\n",
              "      <td>-0.443338</td>\n",
              "      <td>-0.440891</td>\n",
              "      <td>-0.178813</td>\n",
              "      <td>1.000000</td>\n",
              "      <td>-0.367588</td>\n",
              "      <td>0.335387</td>\n",
              "    </tr>\n",
              "    <tr>\n",
              "      <th>lstat</th>\n",
              "      <td>0.457304</td>\n",
              "      <td>-0.413820</td>\n",
              "      <td>0.605595</td>\n",
              "      <td>-0.053698</td>\n",
              "      <td>0.591749</td>\n",
              "      <td>-0.615721</td>\n",
              "      <td>0.601124</td>\n",
              "      <td>-0.501168</td>\n",
              "      <td>0.491477</td>\n",
              "      <td>0.545687</td>\n",
              "      <td>0.378862</td>\n",
              "      <td>-0.367588</td>\n",
              "      <td>1.000000</td>\n",
              "      <td>-0.737720</td>\n",
              "    </tr>\n",
              "    <tr>\n",
              "      <th>medv</th>\n",
              "      <td>-0.390251</td>\n",
              "      <td>0.360031</td>\n",
              "      <td>-0.486625</td>\n",
              "      <td>0.174679</td>\n",
              "      <td>-0.428812</td>\n",
              "      <td>0.696169</td>\n",
              "      <td>-0.375437</td>\n",
              "      <td>0.251709</td>\n",
              "      <td>-0.384730</td>\n",
              "      <td>-0.471253</td>\n",
              "      <td>-0.511897</td>\n",
              "      <td>0.335387</td>\n",
              "      <td>-0.737720</td>\n",
              "      <td>1.000000</td>\n",
              "    </tr>\n",
              "  </tbody>\n",
              "</table>\n",
              "</div>"
            ],
            "text/plain": [
              "             crim        zn     indus      chas       nox        rm       age  \\\n",
              "crim     1.000000 -0.201470  0.407544 -0.057032  0.420611 -0.219433  0.354739   \n",
              "zn      -0.201470  1.000000 -0.536624 -0.043209 -0.518108  0.311173 -0.569695   \n",
              "indus    0.407544 -0.536624  1.000000  0.062351  0.762937 -0.394193  0.646157   \n",
              "chas    -0.057032 -0.043209  0.062351  1.000000  0.090371  0.091468  0.087384   \n",
              "nox      0.420611 -0.518108  0.762937  0.090371  1.000000 -0.302751  0.732899   \n",
              "rm      -0.219433  0.311173 -0.394193  0.091468 -0.302751  1.000000 -0.240286   \n",
              "age      0.354739 -0.569695  0.646157  0.087384  0.732899 -0.240286  1.000000   \n",
              "dis     -0.380572  0.665634 -0.709741 -0.098696 -0.771108  0.203507 -0.751500   \n",
              "rad      0.624932 -0.314530  0.597721 -0.008872  0.611942 -0.210718  0.460090   \n",
              "tax      0.582243 -0.315991  0.720800 -0.037146  0.666959 -0.292794  0.508338   \n",
              "ptratio  0.291731 -0.392956  0.382633 -0.121830  0.188830 -0.357612  0.264496   \n",
              "b       -0.384064  0.176529 -0.357817  0.049972 -0.379640  0.128107 -0.275366   \n",
              "lstat    0.457304 -0.413820  0.605595 -0.053698  0.591749 -0.615721  0.601124   \n",
              "medv    -0.390251  0.360031 -0.486625  0.174679 -0.428812  0.696169 -0.375437   \n",
              "\n",
              "              dis       rad       tax   ptratio         b     lstat      medv  \n",
              "crim    -0.380572  0.624932  0.582243  0.291731 -0.384064  0.457304 -0.390251  \n",
              "zn       0.665634 -0.314530 -0.315991 -0.392956  0.176529 -0.413820  0.360031  \n",
              "indus   -0.709741  0.597721  0.720800  0.382633 -0.357817  0.605595 -0.486625  \n",
              "chas    -0.098696 -0.008872 -0.037146 -0.121830  0.049972 -0.053698  0.174679  \n",
              "nox     -0.771108  0.611942  0.666959  0.188830 -0.379640  0.591749 -0.428812  \n",
              "rm       0.203507 -0.210718 -0.292794 -0.357612  0.128107 -0.615721  0.696169  \n",
              "age     -0.751500  0.460090  0.508338  0.264496 -0.275366  0.601124 -0.375437  \n",
              "dis      1.000000 -0.497970 -0.534763 -0.231444  0.291847 -0.501168  0.251709  \n",
              "rad     -0.497970  1.000000  0.910911  0.467820 -0.443338  0.491477 -0.384730  \n",
              "tax     -0.534763  0.910911  1.000000  0.462718 -0.440891  0.545687 -0.471253  \n",
              "ptratio -0.231444  0.467820  0.462718  1.000000 -0.178813  0.378862 -0.511897  \n",
              "b        0.291847 -0.443338 -0.440891 -0.178813  1.000000 -0.367588  0.335387  \n",
              "lstat   -0.501168  0.491477  0.545687  0.378862 -0.367588  1.000000 -0.737720  \n",
              "medv     0.251709 -0.384730 -0.471253 -0.511897  0.335387 -0.737720  1.000000  "
            ]
          },
          "execution_count": 7,
          "metadata": {},
          "output_type": "execute_result"
        }
      ],
      "source": [
        "boston.corr()"
      ]
    },
    {
      "cell_type": "code",
      "execution_count": 9,
      "metadata": {
        "colab": {
          "base_uri": "https://localhost:8080/",
          "height": 670
        },
        "id": "0Ld-TzDmJrP7",
        "outputId": "f3c575d4-6a8e-48e7-daf0-57b93d693955"
      },
      "outputs": [
        {
          "data": {
            "text/plain": [
              "<seaborn.axisgrid.PairGrid at 0x1f13fe76f00>"
            ]
          },
          "execution_count": 9,
          "metadata": {},
          "output_type": "execute_result"
        },
        {
          "data": {
